0.613841232917
0.559755742949
0.554812445478
0.534166908985
0.533585344577
0.521954056412
0.518755452166
0.521372492003
0.519627798779
0.516138412329
0.519337016575
0.510322768247
0.507996510614
0.512939808084
0.50421634196
0.504797906368
0.509450421634
0.503053213143
0.499563826694
0.50421634196
0.50421634196
0.506542599593
0.497819133469
0.50072695551
0.505379470776
0.513230590288
0.501599302123
0.50421634196
0.501308519919
0.49927304449
0.505088688572
0.506251817389
0.501017737714
0.502762430939
0.502471648735
0.498109915673
0.505670252981
0.504797906368
0.502180866531
0.501890084327
0.500436173306
0.493748182611
0.497528351265
0.498400697877
0.501308519919
0.501308519919
0.499854608898
0.497237569061
0.498691480081
0.496946786857
0.506542599593
0.500145391102
0.49927304449
0.501017737714
0.505670252981
0.496074440244
0.501017737714
0.502762430939
0.49927304449
0.494038964815
0.492875835999
0.502471648735
0.502471648735
0.502471648735
0.497819133469
0.494911311428
0.498691480081
0.501599302123
0.496946786857
0.501017737714
0.494620529224
0.496946786857
0.497237569061
0.500436173306
0.495492875836
0.496365222448
0.499563826694
0.494911311428
0.494620529224
0.500145391102
0.496365222448
0.497528351265
0.503053213143
0.49927304449
0.502180866531
0.489386449549
0.491421924978
0.49578365804
0.491131142774
0.498400697877
0.494038964815
0.505961035185
0.49927304449
0.505379470776
0.493748182611
0.492585053795
0.495202093632
0.489968013958
0.493457400407
0.50072695551
