5.11709360928
3.93796366323
3.52200751358
3.26667159258
3.15707371645
3.04618828043
2.98906477573
2.92638220776
2.87265408993
2.82546449633
2.7714003732
2.73749672672
2.73272231999
2.73492562901
2.67843549506
2.66513875888
2.63983593917
2.6123227251
2.61061293356
2.58605373382
2.56449185284
2.56563385241
2.54565426226
2.54041157031
2.52599487976
2.52452016022
2.51051257227
2.49906833762
2.48637189539
2.47772173537
2.46334634054
2.46646371248
2.44871417666
2.44870523721
2.44163461612
2.4434840371
2.4263360042
2.42824551198
2.41728610936
2.41235426382
2.41104728309
2.41718738208
2.39791965684
2.39044077572
2.40337726069
2.40188099521
2.3795818923
2.39299885539
2.37503428266
2.36796107295
2.38677327939
2.36997536319
2.36243185847
2.36278854437
2.36699367971
2.34491482146
2.35733631508
2.33652407963
2.34276501637
2.35499524529
2.34250138881
2.34120083165
2.32039922264
2.33140715736
2.32184017267
2.31636605665
2.3095780284
2.31468913055
2.32538083314
2.32543786547
2.31313321599
2.32252757103
2.30270889727
2.31238537119
2.30040915663
2.30336664119
2.31981568907
2.29707342888
2.30429451717
2.29295226159
2.2956683063
2.29703464944
2.28656887851
2.29809613977
2.29731131451
2.27463580302
2.28204738336
2.28469997412
2.27461889724
2.28676264328
2.28757498976
2.27317235614
2.29446954616
2.27842892379
2.27471320178
2.26379093404
2.27470696768
2.2725080391
2.27494993482
2.28627765847
