14.7006437175
11.5322699172
10.0245868852
9.1810203992
8.64415545298
8.28152394692
8.01273044226
7.80657680516
7.64143317051
7.50817110833
7.39231023961
7.30277436453
7.21945019024
7.15214606944
7.08525375626
7.03158326813
6.98501611091
6.94018194985
6.9013276607
6.86759611698
6.83728161559
6.80777815936
6.78151242474
6.75735782463
6.73649430023
6.7172644861
6.69664144987
6.67937987406
6.66421886661
6.65232108976
6.63671810832
6.62202893096
6.61379516762
6.60192219904
6.5911468087
6.58308283489
6.57188768772
6.56543602264
6.55643950972
6.54813896783
6.54442898834
6.53650482245
6.53053609254
6.52543181012
6.52261042999
6.51474994905
6.51010874085
6.50779551302
6.50119936954
6.49778787839
6.49411036348
6.48985588019
6.48601970712
6.48184414157
6.47822806189
6.47693248776
6.47314535002
6.47010431326
6.47181173307
6.46532668189
6.46610077807
6.46193280072
6.46078527625
6.46034366755
6.45613795883
6.45357497368
6.45139854172
6.45138678315
6.44884054461
6.44743620756
6.44549930497
6.44535091278
6.44425749445
6.44256112196
6.44145317232
6.44020771394
6.43915582894
6.44121338381
6.44043578683
6.43746286038
6.43717007804
6.43502285869
6.43354863763
6.43214704449
6.43295160992
6.43079838549
6.43190563089
6.43209649335
6.42823809083
6.42972136413
6.43036342067
6.42645733339
6.42802101594
6.4287851866
6.42622267824
6.42559300296
6.42434091139
6.42409352937
6.42503224491
6.42492608171
