21.0177057757
15.9585474992
15.3098812237
14.1291548239
12.2975461236
10.1803487847
9.37313536834
8.81120257648
8.29379749815
7.81018318275
7.5184251988
7.15135454856
6.96327282572
6.85494511809
6.72761499554
6.65096125577
6.57383593734
6.53473078568
6.5045499275
6.4734203426
6.44871676849
6.43799733783
6.42664373354
6.41591765974
6.40786772802
6.40363824695
6.40004204737
6.39680469581
6.39439268194
6.39278156629
6.39167026185
6.39080647678
6.39008581565
6.38952842302
6.38913396915
6.38885825505
6.38864234625
6.38845559765
6.38830582424
6.38820072273
6.38812604992
6.38806438054
6.38801109943
6.38797000014
6.38794106984
6.38792020202
6.38790415874
6.38789140728
6.38788094376
6.38787236912
