21.0126057885
15.9056236511
14.9144130715
13.2073258838
11.0258937917
9.33181122738
8.45635427335
7.70512857044
7.01365221919
6.29559203017
5.90529704471
5.3354289113
4.93463735022
4.72904945352
4.52750329622
4.25339919704
4.05269887061
3.8881148108
3.759755186
3.6373724644
3.49978754884
3.36892064851
3.26606924102
3.18363661765
3.11259792882
3.03522284003
2.95316012553
2.87970113416
2.81804385103
2.76467664415
2.71362716728
2.66270293528
2.61618737935
2.57431872506
2.53334915506
2.49462675568
2.45979634875
2.42933861902
2.40151306851
2.37480609636
2.34850368191
2.32397689238
2.30074706811
2.27815829591
2.25691745037
2.23704903876
2.21759545889
2.197748957
2.17800146292
2.15950515123
