21.0126562834
15.9061468281
14.9183186511
13.216166565
11.03668002
9.33971499964
8.46739291658
7.71757840321
7.02843852785
6.31424703456
5.9267313929
5.3611639904
4.96496109105
4.76342459704
4.56267043308
4.29191109316
4.09635174942
3.93607368972
3.81206034861
3.69169133515
3.55666264737
3.43220271721
3.3361990149
3.25963131929
3.19229790346
3.11808246085
3.0412462594
2.97385080178
2.91814002345
2.87004555451
2.82331228135
2.77758288782
2.73719672907
2.69995785439
2.66373995193
2.6308065999
2.60245966487
2.57790099969
2.55532828141
2.53323504846
2.51181444272
2.49208874377
2.47354480775
2.45607141165
2.4396991614
2.42410670931
2.40874596573
2.39371092149
2.37977521161
2.3681074884
