6.77545728583
5.3251238697
4.638494578
4.23269218384
3.96661944739
3.76503706908
3.59513800668
3.47012070327
3.36205481601
3.27066049997
3.19565745738
3.13725363622
3.06159304973
3.01741801315
2.97823668312
2.93140913486
2.89168082745
2.86960416008
2.82007342973
2.80605976681
2.77283086739
2.74738377659
2.714552822
2.70541314962
2.67433730739
2.65952029967
2.64401129016
2.62340779455
2.61804510964
2.61285597986
2.5899746993
2.59031507611
2.54561364822
2.54468697678
2.53701745389
2.51940502321
2.50470233
2.49896544056
2.49878581197
2.51328546272
2.4703836537
2.47179493512
2.46361990861
2.47017015657
2.43766698162
2.44715840061
2.42886595888
2.43043135446
2.43454179349
2.42026136021
