11.8355716395
9.67038652914
8.65821252583
8.05645132609
7.67555742561
7.41312438233
7.21343686605
7.06531774615
6.94839636468
6.85686104504
6.78551308199
6.72369638757
6.67975342307
6.6351044926
6.60265525698
6.57329120595
6.54920555353
6.5335079375
6.51772845729
6.50179764499
6.48676061098
6.47891462317
6.46646187599
6.46409858049
6.45499222356
6.44445198121
6.44314166964
6.4356824563
6.43237881829
6.43046089652
6.42770771487
6.42270878784
6.42183218786
6.42167676319
6.42131980681
6.41611527738
6.41508326435
6.41252471366
6.41280228607
6.41780420945
6.40865438395
6.41287096122
6.4093972935
6.40780636028
6.40822907347
6.41236271326
6.40969889543
6.40498360123
6.41015798936
6.40456059572
