6.7401183306
5.30645934501
4.62458924233
4.21985778569
3.9496161399
3.75296054954
3.55969510109
3.42492323142
3.33919893868
3.22681665123
3.14598024371
3.07999569796
3.00124769217
2.9625619094
2.89993717165
2.86462760795
2.82374423872
2.78108913702
2.74061977997
2.73721814669
2.69338513772
2.65324383131
2.64143913577
2.60038126414
2.57307448704
2.55737716421
2.53984599086
2.51417512524
2.49356910935
2.47288686341
2.46033307233
2.45453091952
2.42698370244
2.41997563761
2.42905797321
2.39115189035
2.39658861302
2.36152606908
2.35279302783
2.34890721956
2.34103578909
2.32525136707
2.30947654536
2.29839788101
2.29513984777
2.29634115099
2.27506800674
2.26530763995
2.26266238236
2.2470827913
