4.92323813372
3.72660952586
3.25078473369
3.00030469387
2.83345999298
2.73271887591
2.61602186653
2.55259553944
2.49131580889
2.44618456631
2.40746869949
2.39977254159
2.34294613242
2.30188377067
2.28672525006
2.2451686574
2.22864639001
2.2099077598
2.1880179615
2.175415116
2.1633249242
2.14689085105
2.12786366267
2.13707945335
2.11307649257
2.10752082913
2.09711938801
2.09634030181
2.07471472319
2.06437095391
2.05732171003
2.02876853098
2.04677020473
2.02181654118
2.01227346032
2.00858535408
1.99514365
2.00354209974
1.98410946925
1.97368962311
1.98503037594
1.97604726987
1.96944289878
1.98564832664
1.972141717
1.94656742905
1.96321530665
1.94293834038
1.93743195262
1.95387056313
1.93109765589
1.9550138795
1.94138157211
1.93245818156
1.92917165928
1.91841434819
1.92461209909
1.91041830371
1.92155400552
1.90963871577
1.91948860789
1.90497213052
1.89940414406
1.89616060763
1.90539603826
1.89462984857
1.89462421749
1.89012405648
1.87222462042
1.87723464991
1.86820714334
1.87052551696
1.87071304691
1.870088559
1.86885665631
1.84926653559
1.85970266241
1.87498982102
1.86907720718
1.86472189867
1.87574132895
1.85848976521
1.85431031236
1.86204570712
1.84963220471
1.85810109581
1.86299021018
1.85168856156
1.83987205626
1.8456183932
1.8446557242
1.84858773657
1.82477717235
1.83557078423
1.83456030066
1.83616939555
1.83485279702
1.83752756006
1.82826688951
1.82895409096
