0.62111078802
0.565280604827
0.540564117476
0.537074731026
0.537656295435
0.531840651352
0.52602500727
0.521954056412
0.511485897063
0.517010758942
0.509741203838
0.516719976737
0.515847630125
0.50915963943
0.499563826694
0.512939808084
0.505670252981
0.506833381797
0.500436173306
0.502762430939
0.500436173306
0.508287292818
0.502762430939
0.494329747019
0.505379470776
0.507705728409
0.504507124164
0.502180866531
0.501017737714
0.502471648735
0.503343995347
0.499854608898
0.49578365804
0.494329747019
0.505379470776
0.505670252981
0.508578075022
0.50915963943
0.513812154696
0.50421634196
0.501308519919
0.499854608898
0.498691480081
0.501017737714
0.497819133469
0.504797906368
0.497528351265
0.497819133469
0.500145391102
0.499854608898
0.500145391102
0.503343995347
0.502762430939
0.500436173306
0.501017737714
0.503053213143
0.501599302123
0.498691480081
0.512358243675
0.497237569061
0.494911311428
0.502762430939
0.499854608898
0.506542599593
0.503343995347
0.498982262286
0.504797906368
0.498691480081
0.494620529224
0.503925559756
0.500436173306
0.497237569061
0.502762430939
0.506542599593
0.501017737714
0.497528351265
0.499854608898
0.503925559756
0.494038964815
0.494620529224
0.491712707182
0.492294271591
0.497528351265
0.496074440244
0.495492875836
0.493166618203
0.492294271591
0.49578365804
0.498109915673
0.495492875836
0.496074440244
0.492003489386
0.498982262286
0.498982262286
0.492875835999
0.501308519919
0.503634777552
0.49578365804
0.492875835999
0.501308519919
