5.01938238193
3.90281354581
3.4916221433
3.27928251836
3.14703583041
3.06286539198
2.97340279213
2.93027063902
2.86751080735
2.8254687758
2.78363220928
2.75237982353
2.73889573048
2.69955663467
2.68046498252
2.65963168305
2.63996032285
2.61730410085
2.60649933446
2.60231540209
2.57735032096
2.58313442432
2.55265844724
2.55259328015
2.53471552002
2.53779407143
2.52808802964
2.54411359537
2.50469099647
2.48681487614
2.50064216464
2.47722603084
2.46831493966
2.46988981988
2.45569893272
2.45869712192
2.46032140241
2.44887277126
2.44075487793
2.4333052142
2.43489513334
2.43074868453
2.4169899943
2.42531388988
2.41729448852
2.41929552006
2.40611213965
2.40152213338
2.40309159328
2.38809667176
2.39802913158
2.3901226543
2.39525194758
2.39197093
2.38307148364
2.38838548667
2.38604198782
2.38468995463
2.39121795472
2.37941041437
2.37106753575
2.3725325824
2.3703466061
2.37042538335
2.36242802869
2.37588064242
2.36186957348
2.36962220045
2.35950208595
2.37264285565
2.35227326247
2.34321535812
2.35942619778
2.35474242494
2.3393252919
2.36046003631
2.35624551848
2.34980659762
2.33619491132
2.33624445819
2.33911751402
2.34400432207
2.36151198276
2.35499301221
2.342333615
2.35049612216
2.34104684557
2.34583752983
2.33017656073
2.34473485373
2.3263760438
2.35372227751
2.32748880447
2.32145196658
2.3322810663
2.33902043106
2.33510834801
2.33309190144
2.32285077995
2.34565706512
