16.1056208036
12.0603594781
9.79468072088
8.44379369973
7.66993932525
7.17893294576
6.91693840671
6.7563172393
6.65194023619
6.57398763592
6.53897826357
6.52904286101
6.52460156816
6.51340144255
6.50829085501
6.49520957007
6.50109358579
6.48507186369
6.48935906548
6.50723590675
6.48390002889
6.49300264065
6.49666550344
6.49739536922
6.51155877688
6.50603057785
6.52983864619
6.51077878362
6.51034518696
6.53389311843
6.53454586237
6.49707474848
6.48886320877
6.5051528216
6.49206494878
6.50510440576
6.5271458583
6.5049145422
6.51906605589
6.49287263151
6.4994779522
6.51763053831
6.51116645281
6.51315003489
6.50783837406
6.49585076069
6.50532869556
6.50487110548
6.50447332836
6.49864541522
6.49528416124
6.49046916929
6.50349274522
6.50476041859
6.51389336215
6.49853755997
6.4972987491
6.51530068004
6.50324083385
6.52270605272
6.51512250804
6.54160462496
6.49411428101
6.50698491904
6.5054846148
6.51601839641
6.49640323404
6.50829754827
6.49486724891
6.5008817574
6.51313706514
6.49806706794
6.49152090982
6.49139703283
6.48189648319
6.49255322088
6.48336451617
6.51052022162
6.50645141176
6.50424110509
6.50692245814
6.48979046359
6.50795353823
6.52797982754
6.51825217469
6.49403932262
6.50606839319
6.48756134248
6.51080007584
6.4999796125
6.51874461192
6.50540427179
6.50593330943
6.50240795032
6.5025819605
6.49510909301
6.50952481623
6.5073740418
6.49079177704
6.50150575057
