11.681457248
9.19829685092
7.97220006261
7.20766335391
6.66837481807
6.2634413099
5.92346420438
5.66039168855
5.43986603331
5.25801839993
5.08320483422
4.94808730358
4.81648236204
4.69866162995
4.59532196144
4.5005329621
4.41482591396
4.33540283959
4.26315645811
4.19974893501
4.14230392273
4.08052261725
4.0250417132
3.97559477529
3.92885157215
3.87845371982
3.83722573612
3.79468296394
3.75610032012
3.71923961937
3.68573124327
3.65255755767
3.61911927684
3.58979352451
3.56097471791
3.53144412668
3.50591158032
3.48669499411
3.45642802038
3.42888295131
3.41029208256
3.3862371133
3.36693436177
3.34416106939
3.32492636708
3.30548777828
3.2861433251
3.27063155731
3.25297447916
3.23462712509
3.21840235136
3.20416672358
3.18926266946
3.17335511851
3.15975347002
3.14716033147
3.13128685086
3.12031507226
3.10801437968
3.09167298864
3.07880348545
3.0686145528
3.05690399544
3.04518554351
3.03353921714
3.02354499055
3.01275032364
3.00015798046
2.99398093242
2.98354173373
2.97257374665
2.96391967377
2.95158050375
2.94500433078
2.93372561946
2.9253767896
2.91654781427
2.90776179931
2.90156780681
2.89309322357
2.88505595029
2.87596841794
2.86732598482
2.8613572162
2.8541615566
2.84814027394
2.83769021885
2.83301124705
2.82619199878
2.82055662555
2.81235389922
2.81128344406
2.80188991621
2.79625234501
2.79014255362
2.78465280931
2.77519524222
2.77105098122
2.76421919506
2.75839313897
