0.934283221867
0.865949403896
0.807211398662
0.771445187555
0.741203838325
0.724047688281
0.705728409421
0.69293399244
0.678976446641
0.664728118639
0.657167781332
0.651352137249
0.641174760105
0.633614422797
0.62954347194
0.624309392265
0.616458272754
0.612096539692
0.606280895609
0.601046815935
0.601046815935
0.597848211689
0.590578656586
0.589997092178
0.588833963361
0.585635359116
0.5774934574
0.572840942134
0.570223902297
0.57255015993
0.569351555685
0.562954347194
0.561500436173
0.560046525153
0.558883396336
0.557429485315
0.554521663274
0.560046525153
0.552776970049
0.548706019192
0.551613841233
0.546961325967
0.545507414946
0.542018028497
0.54434428613
0.543762721721
0.543471939517
0.540564117476
0.540273335272
0.539982553068
0.538528642047
0.538237859843
0.534457691189
0.536493166618
0.531259086944
0.531840651352
0.530386740331
0.534457691189
0.530386740331
0.530386740331
0.526606571678
0.528642047107
0.528351264903
0.524571096249
0.525734225065
0.52253562082
0.524861878453
0.52253562082
0.525734225065
0.521372492003
0.519627798779
0.521663274208
0.521081709799
0.519337016575
0.515847630125
0.517883105554
0.518755452166
0.517301541146
0.518464669962
0.51904623437
0.515266065717
0.516429194533
0.517883105554
0.514393719104
0.5141029369
0.512939808084
0.511195114859
0.514975283513
0.513521372492
0.509741203838
0.512067461471
0.513521372492
0.508868857226
0.512939808084
0.510904332655
0.511776679267
0.505670252981
0.508287292818
0.505670252981
0.503053213143
